Time	Carbon1	Carbon2	Fext	Hext	X
0.0	1.0	10.0	0.1	2.5	0.01
0.01	1.0	10.0	0.1	2.5	0.01
0.02	0.998931	9.99998	0.099642	2.499491	0.010358
0.03	0.997824	9.99998	0.099273	2.498964	0.010727
0.04	0.996678	9.99998	0.098891	2.498418	0.011109
0.05	0.995491	9.99998	0.098495	2.497853	0.011505
0.06	0.994262	9.99998	0.098085	2.497267	0.011915
0.07	0.992988	9.99998	0.097661	2.496661	0.012339
0.08	0.99167	9.99998	0.097221	2.496033	0.012779
0.09	0.990304	9.99998	0.096766	2.495383	0.013234
0.1	0.98889	9.99998	0.096295	2.49471	0.013705
0.11	0.987426	9.99998	0.095807	2.494012	0.014193
0.12	0.985909	9.99998	0.095301	2.49329	0.014699
0.13	0.984338	9.99998	0.094778	2.492542	0.015222
0.14	0.982712	9.99998	0.094235	2.491768	0.015765
0.15	0.981027	9.99998	0.093674	2.490965	0.016326
0.16	0.979283	9.99998	0.093092	2.490135	0.016908
0.17	0.977476	9.99998	0.09249	2.489274	0.01751
0.18	0.975605	9.99998	0.091866	2.488383	0.018134
0.19	0.973667	9.99998	0.09122	2.48746	0.01878
0.2	0.97166	9.99998	0.090552	2.486505	0.019448
0.21	0.969582	9.99998	0.089859	2.485515	0.020141
0.22	0.96743	9.99998	0.089141	2.48449	0.020859
0.23	0.965201	9.99998	0.088398	2.483429	0.021602
0.24	0.962892	9.99998	0.087629	2.48233	0.022371
0.25	0.960502	9.99998	0.086832	2.481191	0.023168
0.26	0.958026	9.99998	0.086007	2.480012	0.023993
0.27	0.955462	9.99998	0.085152	2.478792	0.024848
0.28	0.952807	9.99998	0.084267	2.477527	0.025733
0.29	0.950057	9.99998	0.083351	2.476218	0.026649
0.3	0.94721	9.99998	0.082401	2.474862	0.027599
0.31	0.94426	9.99998	0.081418	2.473457	0.028582
0.32	0.941206	9.99998	0.0804	2.472003	0.0296
0.33	0.938043	9.99998	0.079346	2.470497	0.030654
0.34	0.934768	9.99998	0.078254	2.468937	0.031746
0.35000000000000003	0.931375	9.99998	0.077123	2.467322	0.032877
0.36	0.927862	9.99998	0.075952	2.465649	0.034048
0.37	0.924224	9.99998	0.074739	2.463916	0.035261
0.38	0.920456	9.99998	0.073483	2.462122	0.036517
0.39	0.916554	9.99998	0.072183	2.460264	0.037817
0.4	0.912512	9.99998	0.070836	2.458339	0.039164
0.41000000000000003	0.908327	9.99998	0.069441	2.456346	0.040559
0.42	0.903993	9.99998	0.067996	2.454283	0.042004
0.43	0.899505	9.99998	0.0665	2.452145	0.0435
0.44	0.894856	9.99998	0.06495	2.449932	0.04505
0.45	0.890042	9.99998	0.063346	2.447639	0.046654
0.46	0.885057	9.99998	0.061684	2.445265	0.048316
0.47000000000000003	0.879894	9.99998	0.059963	2.442807	0.050037
0.48	0.874547	9.99998	0.05818	2.44026	0.05182
0.49	0.86901	9.99998	0.056335	2.437624	0.053665
0.5	0.863275	9.99998	0.054423	2.434893	0.055577
0.51	0.857336	9.99998	0.052444	2.432065	0.057556
0.52	0.851186	9.99998	0.050393	2.429136	0.059607
0.53	0.844816	9.99998	0.04827	2.426103	0.06173
0.54	0.83822	9.99998	0.046071	2.422962	0.063929
0.55	0.831388	9.99998	0.043794	2.419709	0.066206
0.56	0.824314	9.99998	0.041436	2.41634	0.068564
0.5700000000000001	0.816987	9.99998	0.038994	2.412851	0.071006
0.58	0.809399	9.99998	0.036465	2.409238	0.073535
0.59	0.801541	9.99998	0.033845	2.405496	0.076155
0.6	0.793404	9.99998	0.031133	2.401621	0.078867
0.61	0.784976	9.99998	0.028323	2.397608	0.081677
0.62	0.776248	9.99998	0.025414	2.393451	0.084586
0.63	0.767209	9.99998	0.022401	2.389147	0.087599
0.64	0.757849	9.99998	0.019281	2.38469	0.090719
0.65	0.748154	9.99998	0.01605	2.380074	0.09395
0.66	0.738115	9.99998	0.012703	2.375293	0.097297
0.67	0.727718	9.99998	0.009237	2.370342	0.100763
0.68	0.71695	9.99998	0.005648	2.365215	0.104352
0.6900000000000001	0.7058	9.99998	0.001931	2.359905	0.108069
0.7000000000000001	0.694267	9.99998	0.0	2.354413	0.111624
0.71	0.682371	9.99998	0.0	2.348748	0.114979
0.72	0.670118	9.99998	0.0	2.342913	0.118435
0.73	0.657496	9.99998	0.0	2.336903	0.121995
0.74	0.644495	9.99998	0.0	2.330712	0.125662
0.75	0.631103	9.99998	0.0	2.324335	0.129439
0.76	0.617309	9.99998	0.0	2.317766	0.13333
0.77	0.6031	9.99998	0.0	2.311	0.137337
0.78	0.588464	9.99998	0.0	2.30403	0.141465
0.79	0.573388	9.99998	0.0	2.296851	0.145718
0.8	0.557859	9.99998	0.0	2.289457	0.150098
0.81	0.541863	9.99998	0.0	2.281839	0.154609
0.8200000000000001	0.525386	9.99998	0.0	2.273993	0.159257
0.8300000000000001	0.508414	9.99998	0.0	2.265911	0.164044
0.84	0.490932	9.99998	0.0	2.257587	0.168974
0.85	0.472924	9.99998	0.0	2.249012	0.174053
0.86	0.454375	9.99998	0.0	2.240179	0.179285
0.87	0.435269	9.99998	0.0	2.23108	0.184674
0.88	0.415588	9.99998	0.0	2.221709	0.190225
0.89	0.395316	9.99998	0.0	2.212055	0.195943
0.9	0.374434	9.99998	0.0	2.202111	0.201833
0.91	0.352925	9.99998	0.0	2.191869	0.2079
0.92	0.330769	9.99998	0.0	2.181318	0.214149
0.93	0.307947	9.99998	0.0	2.170451	0.220586
0.9400000000000001	0.284439	9.99998	0.0	2.159257	0.227216
0.9500000000000001	0.260224	9.99998	0.0	2.147726	0.234046
0.96	0.235282	9.99998	0.0	2.135849	0.241081
0.97	0.20959	9.99998	0.0	2.123614	0.248327
0.98	0.183126	9.99998	0.0	2.111012	0.255791
0.99	0.155866	9.99998	0.0	2.098031	0.26348
1.0	0.127787	9.99998	0.0	2.08466	0.2714
1.01	0.098864	9.99998	0.0	2.070887	0.279558
1.02	0.069071	9.99998	0.0	2.056701	0.287961
1.03	0.038383	9.99998	0.0	2.042087	0.296616
1.04	0.006773	9.99998	0.0	2.027035	0.305532
1.05	0.0	9.99998	0.0	2.011616	0.311222
1.06	0.0	9.99998	0.0	2.011616	0.311222
1.07	0.0	9.966813	0.0	1.995822	0.320577
1.08	0.0	9.932649	0.0	1.979554	0.330213
1.09	0.0	9.897458	0.0	1.962796	0.340139
1.1	0.0	9.861209	0.0	1.945535	0.350363
1.11	0.0	9.823871	0.0	1.927755	0.360894
1.12	0.0	9.78541	0.0	1.90944	0.371742
1.1300000000000001	0.0	9.745794	0.0	1.890575	0.382916
1.1400000000000001	0.0	9.704986	0.0	1.871143	0.394426
1.1500000000000001	0.0	9.662952	0.0	1.851127	0.406281
1.16	0.0	9.619654	0.0	1.830509	0.418494
1.17	0.0	9.575056	0.0	1.809271	0.431073
1.18	0.0	9.529116	0.0	1.787395	0.44403
1.19	0.0	9.481796	0.0	1.764862	0.457377
1.2	0.0	9.433053	0.0	1.741651	0.471125
1.21	0.0	9.382845	0.0	1.717742	0.485286
1.22	0.0	9.331128	0.0	1.693115	0.499873
1.23	0.0	9.277856	0.0	1.667748	0.514898
1.24	0.0	9.222983	0.0	1.641618	0.530375
1.25	0.0	9.166461	0.0	1.614703	0.546317
1.26	0.0	9.10824	0.0	1.586978	0.562739
1.27	0.0	9.048269	0.0	1.558421	0.579654
1.28	0.0	8.986495	0.0	1.529004	0.597077
1.29	0.0	8.922864	0.0	1.498704	0.615024
1.3	0.0	8.857321	0.0	1.467493	0.633511
1.31	0.0	8.789808	0.0	1.435344	0.652553
1.32	0.0	8.720265	0.0	1.402228	0.672168
1.33	0.0	8.648632	0.0	1.368117	0.692372
1.34	0.0	8.574845	0.0	1.332981	0.713183
1.35	0.0	8.498841	0.0	1.296788	0.73462
1.36	0.0	8.420553	0.0	1.259508	0.756702
1.37	0.0	8.339911	0.0	1.221107	0.779447
1.3800000000000001	0.0	8.256845	0.0	1.181552	0.802876
1.3900000000000001	0.0	8.171282	0.0	1.140808	0.827009
1.4000000000000001	0.0	8.083148	0.0	1.098839	0.851867
1.41	0.0	7.992364	0.0	1.055609	0.877473
1.42	0.0	7.898851	0.0	1.011079	0.903848
1.43	0.0	7.802528	0.0	0.965211	0.931016
1.44	0.0	7.703309	0.0	0.917964	0.959001
1.45	0.0	7.601108	0.0	0.869297	0.987827
1.46	0.0	7.495835	0.0	0.819167	1.017519
1.47	0.0	7.387398	0.0	0.76753	1.048104
1.48	0.0	7.275701	0.0	0.714341	1.079609
1.49	0.0	7.160647	0.0	0.659553	1.11206
1.5	0.0	7.042135	0.0	0.603119	1.145486
1.51	0.0	6.92006	0.0	0.544988	1.179918
1.52	0.0	6.794316	0.0	0.485109	1.215384
1.53	0.0	6.664792	0.0	0.423431	1.251916
1.54	0.0	6.531375	0.0	0.3599	1.289547
1.55	0.0	6.393947	0.0	0.294458	1.328308
1.56	0.0	6.252389	0.0	0.227049	1.368235
1.57	0.0	6.106576	0.0	0.157614	1.409362
1.58	0.0	5.95638	0.0	0.086093	1.451725
1.59	0.0	5.801669	0.0	0.012421	1.495361
1.6	0.0	5.756768	0.0	0.0	1.507834
1.61	0.0	5.756768	0.0	0.0	1.507834
1.62	0.0	5.596523	0.0	0.0	1.5446
1.6300000000000001	0.0	5.432371	0.0	0.0	1.582263
1.6400000000000001	0.0	5.264216	0.0	0.0	1.620844
1.6500000000000001	0.0	5.091961	0.0	0.0	1.660365
1.6600000000000001	0.0	4.915506	0.0	0.0	1.700851
1.67	0.0	4.734748	0.0	0.0	1.742323
1.68	0.0	4.549582	0.0	0.0	1.784807
1.69	0.0	4.359902	0.0	0.0	1.828327
1.7	0.0	4.165597	0.0	0.0	1.872908
1.71	0.0	3.966553	0.0	0.0	1.918576
1.72	0.0	3.762657	0.0	0.0	1.965357
1.73	0.0	3.553788	0.0	0.0	2.013279
1.74	0.0	3.339827	0.0	0.0	2.06237
1.75	0.0	3.120649	0.0	0.0	2.112658
1.76	0.0	2.896126	0.0	0.0	2.164171
1.77	0.0	2.666129	0.0	0.0	2.216941
1.78	0.0	2.430523	0.0	0.0	2.270998
1.79	0.0	2.189173	0.0	0.0	2.326373
1.8	0.0	1.941938	0.0	0.0	2.383098
1.81	0.0	1.688674	0.0	0.0	2.441206
1.82	0.0	1.429235	0.0	0.0	2.500731
1.83	0.0	1.16347	0.0	0.0	2.561707
1.84	0.0	0.891224	0.0	0.0	2.624171
1.85	0.0	0.612341	0.0	0.0	2.688157
1.86	0.0	0.326657	0.0	0.0	2.753703
1.87	0.0	0.034007	0.0	0.0	2.820848
1.8800000000000001	0.0	0.0	0.0	0.0	2.83027
1.8900000000000001	0.0	0.0	0.0	0.0	2.83027
1.9000000000000001	0.0	0.0	0.0	0.0	2.83027
1.9100000000000001	0.0	0.0	0.0	0.0	2.83027
1.92	0.0	0.0	0.0	0.0	2.83027
1.93	0.0	0.0	0.0	0.0	2.83027
1.94	0.0	0.0	0.0	0.0	2.83027
1.95	0.0	0.0	0.0	0.0	2.83027
1.96	0.0	0.0	0.0	0.0	2.83027
1.97	0.0	0.0	0.0	0.0	2.83027
1.98	0.0	0.0	0.0	0.0	2.83027
1.99	0.0	0.0	0.0	0.0	2.83027
2.0	0.0	0.0	0.0	0.0	2.83027
2.0100000000000002	0.0	0.0	0.0	0.0	2.83027
2.02	0.0	0.0	0.0	0.0	2.83027
2.0300000000000002	0.0	0.0	0.0	0.0	2.83027
2.04	0.0	0.0	0.0	0.0	2.83027
2.05	0.0	0.0	0.0	0.0	2.83027
2.06	0.0	0.0	0.0	0.0	2.83027
2.07	0.0	0.0	0.0	0.0	2.83027
2.08	0.0	0.0	0.0	0.0	2.83027
2.09	0.0	0.0	0.0	0.0	2.83027
2.1	0.0	0.0	0.0	0.0	2.83027
2.11	0.0	0.0	0.0	0.0	2.83027
2.12	0.0	0.0	0.0	0.0	2.83027
2.13	0.0	0.0	0.0	0.0	2.83027
2.14	0.0	0.0	0.0	0.0	2.83027
2.15	0.0	0.0	0.0	0.0	2.83027
2.16	0.0	0.0	0.0	0.0	2.83027
2.17	0.0	0.0	0.0	0.0	2.83027
2.18	0.0	0.0	0.0	0.0	2.83027
2.19	0.0	0.0	0.0	0.0	2.83027
2.2	0.0	0.0	0.0	0.0	2.83027
2.21	0.0	0.0	0.0	0.0	2.83027
2.22	0.0	0.0	0.0	0.0	2.83027
2.23	0.0	0.0	0.0	0.0	2.83027
2.24	0.0	0.0	0.0	0.0	2.83027
2.25	0.0	0.0	0.0	0.0	2.83027
2.2600000000000002	0.0	0.0	0.0	0.0	2.83027
2.27	0.0	0.0	0.0	0.0	2.83027
2.2800000000000002	0.0	0.0	0.0	0.0	2.83027
2.29	0.0	0.0	0.0	0.0	2.83027
2.3000000000000003	0.0	0.0	0.0	0.0	2.83027
2.31	0.0	0.0	0.0	0.0	2.83027
2.32	0.0	0.0	0.0	0.0	2.83027
2.33	0.0	0.0	0.0	0.0	2.83027
2.34	0.0	0.0	0.0	0.0	2.83027
2.35	0.0	0.0	0.0	0.0	2.83027
2.36	0.0	0.0	0.0	0.0	2.83027
2.37	0.0	0.0	0.0	0.0	2.83027
2.38	0.0	0.0	0.0	0.0	2.83027
2.39	0.0	0.0	0.0	0.0	2.83027
2.4	0.0	0.0	0.0	0.0	2.83027
2.41	0.0	0.0	0.0	0.0	2.83027
2.42	0.0	0.0	0.0	0.0	2.83027
2.43	0.0	0.0	0.0	0.0	2.83027
2.44	0.0	0.0	0.0	0.0	2.83027
2.45	0.0	0.0	0.0	0.0	2.83027
2.46	0.0	0.0	0.0	0.0	2.83027
2.47	0.0	0.0	0.0	0.0	2.83027
2.48	0.0	0.0	0.0	0.0	2.83027
2.49	0.0	0.0	0.0	0.0	2.83027
2.5	0.0	0.0	0.0	0.0	2.83027
2.5100000000000002	0.0	0.0	0.0	0.0	2.83027
2.52	0.0	0.0	0.0	0.0	2.83027
2.5300000000000002	0.0	0.0	0.0	0.0	2.83027
2.54	0.0	0.0	0.0	0.0	2.83027
2.5500000000000003	0.0	0.0	0.0	0.0	2.83027
2.56	0.0	0.0	0.0	0.0	2.83027
2.57	0.0	0.0	0.0	0.0	2.83027
2.58	0.0	0.0	0.0	0.0	2.83027
2.59	0.0	0.0	0.0	0.0	2.83027
2.6	0.0	0.0	0.0	0.0	2.83027
2.61	0.0	0.0	0.0	0.0	2.83027
2.62	0.0	0.0	0.0	0.0	2.83027
2.63	0.0	0.0	0.0	0.0	2.83027
2.64	0.0	0.0	0.0	0.0	2.83027
2.65	0.0	0.0	0.0	0.0	2.83027
2.66	0.0	0.0	0.0	0.0	2.83027
2.67	0.0	0.0	0.0	0.0	2.83027
2.68	0.0	0.0	0.0	0.0	2.83027
2.69	0.0	0.0	0.0	0.0	2.83027
2.7	0.0	0.0	0.0	0.0	2.83027
2.71	0.0	0.0	0.0	0.0	2.83027
2.72	0.0	0.0	0.0	0.0	2.83027
2.73	0.0	0.0	0.0	0.0	2.83027
2.74	0.0	0.0	0.0	0.0	2.83027
2.75	0.0	0.0	0.0	0.0	2.83027
2.7600000000000002	0.0	0.0	0.0	0.0	2.83027
2.77	0.0	0.0	0.0	0.0	2.83027
2.7800000000000002	0.0	0.0	0.0	0.0	2.83027
2.79	0.0	0.0	0.0	0.0	2.83027
2.8000000000000003	0.0	0.0	0.0	0.0	2.83027
2.81	0.0	0.0	0.0	0.0	2.83027
2.82	0.0	0.0	0.0	0.0	2.83027
2.83	0.0	0.0	0.0	0.0	2.83027
2.84	0.0	0.0	0.0	0.0	2.83027
2.85	0.0	0.0	0.0	0.0	2.83027
2.86	0.0	0.0	0.0	0.0	2.83027
2.87	0.0	0.0	0.0	0.0	2.83027
2.88	0.0	0.0	0.0	0.0	2.83027
2.89	0.0	0.0	0.0	0.0	2.83027
2.9	0.0	0.0	0.0	0.0	2.83027
2.91	0.0	0.0	0.0	0.0	2.83027
2.92	0.0	0.0	0.0	0.0	2.83027
2.93	0.0	0.0	0.0	0.0	2.83027
2.94	0.0	0.0	0.0	0.0	2.83027
2.95	0.0	0.0	0.0	0.0	2.83027
2.96	0.0	0.0	0.0	0.0	2.83027
2.97	0.0	0.0	0.0	0.0	2.83027
2.98	0.0	0.0	0.0	0.0	2.83027
2.99	0.0	0.0	0.0	0.0	2.83027
