Time	Carbon2	Hext	X
0.0	5.0	10.0	0.01
0.01	5.0	10.0	0.01
0.02	4.998934	9.999493	0.010301
0.03	4.997837	9.99897	0.01061
0.04	4.996706	9.998431	0.010929
0.05	4.995541	9.997877	0.011258
0.06	4.994341	9.997305	0.011596
0.07	4.993106	9.996717	0.011945
0.08	4.991833	9.996111	0.012304
0.09	4.990521	9.995486	0.012673
0.1	4.989171	9.994843	0.013054
0.11	4.98778	9.994181	0.013447
0.12	4.986347	9.993498	0.013851
0.13	4.984871	9.992795	0.014267
0.14	4.98335	9.992071	0.014696
0.15	4.981784	9.991326	0.015138
0.16	4.980171	9.990557	0.015593
0.17	4.978509	9.989766	0.016062
0.18	4.976797	9.988951	0.016544
0.19	4.975034	9.988111	0.017042
0.2	4.973218	9.987247	0.017554
0.21	4.971347	9.986356	0.018082
0.22	4.96942	9.985438	0.018625
0.23	4.967435	9.984493	0.019185
0.24	4.965391	9.983519	0.019762
0.25	4.963285	9.982517	0.020356
0.26	4.961116	9.981484	0.020967
0.27	4.958881	9.98042	0.021598
0.28	4.956579	9.979323	0.022247
0.29	4.954208	9.978195	0.022916
0.3	4.951766	9.977032	0.023604
0.31	4.949251	9.975834	0.024314
0.32	4.94666	9.9746	0.025045
0.33	4.943991	9.973329	0.025797
0.34	4.941241	9.97202	0.026573
0.35000000000000003	4.93841	9.970671	0.027372
0.36	4.935493	9.969282	0.028194
0.37	4.932488	9.967851	0.029042
0.38	4.929393	9.966378	0.029915
0.39	4.926205	9.964859	0.030814
0.4	4.922921	9.963296	0.03174
0.41000000000000003	4.919538	9.961685	0.032694
0.42	4.916054	9.960026	0.033677
0.43	4.912465	9.958317	0.034689
0.44	4.908768	9.956556	0.035732
0.45	4.90496	9.954743	0.036806
0.46	4.901038	9.952875	0.037912
0.47000000000000003	4.896998	9.950951	0.039052
0.48	4.892836	9.948969	0.040226
0.49	4.888549	9.946928	0.041435
0.5	4.884133	9.944825	0.04268
0.51	4.879585	9.942659	0.043963
0.52	4.8749	9.940428	0.045285
0.53	4.870074	9.93813	0.046646
0.54	4.865103	9.935763	0.048048
0.55	4.859982	9.933325	0.049492
0.56	4.854708	9.930813	0.05098
0.5700000000000001	4.849275	9.928226	0.052512
0.58	4.843678	9.925561	0.054091
0.59	4.837914	9.922816	0.055717
0.6	4.831976	9.919989	0.057391
0.61	4.82586	9.917076	0.059116
0.62	4.81956	9.914076	0.060893
0.63	4.813071	9.910986	0.062724
0.64	4.806386	9.907803	0.064609
0.65	4.799501	9.904524	0.066551
0.66	4.792408	9.901147	0.068551
0.67	4.785103	9.897668	0.070612
0.68	4.777578	9.894085	0.072735
0.6900000000000001	4.769826	9.890393	0.074921
0.7000000000000001	4.761842	9.886591	0.077173
0.71	4.753618	9.882675	0.079492
0.72	4.745146	9.878641	0.081882
0.73	4.73642	9.874486	0.084343
0.74	4.727432	9.870205	0.086878
0.75	4.718173	9.865797	0.08949
0.76	4.708636	9.861255	0.09218
0.77	4.698812	9.856577	0.09495
0.78	4.688693	9.851759	0.097804
0.79	4.67827	9.846795	0.100744
0.8	4.667534	9.841683	0.103772
0.81	4.656475	9.836417	0.106892
0.8200000000000001	4.645084	9.830992	0.110105
0.8300000000000001	4.63335	9.825405	0.113414
0.84	4.621263	9.819649	0.116823
0.85	4.608813	9.813721	0.120335
0.86	4.595989	9.807614	0.123952
0.87	4.582779	9.801324	0.127678
0.88	4.569173	9.794844	0.131515
0.89	4.555157	9.78817	0.135468
0.9	4.54072	9.781295	0.13954
0.91	4.525849	9.774214	0.143735
0.92	4.510532	9.76692	0.148055
0.93	4.494753	9.759406	0.152505
0.9400000000000001	4.478501	9.751667	0.15709
0.9500000000000001	4.46176	9.743695	0.161811
0.96	4.444515	9.735484	0.166675
0.97	4.426753	9.727025	0.171685
0.98	4.408456	9.718313	0.176846
0.99	4.38961	9.709338	0.182161
1.0	4.370197	9.700094	0.187637
1.01	4.3502	9.690572	0.193277
1.02	4.329603	9.680763	0.199086
1.03	4.308386	9.67066	0.205071
1.04	4.286532	9.660253	0.211235
1.05	4.26402	9.649533	0.217584
1.06	4.240832	9.638492	0.224124
1.07	4.216947	9.627118	0.230861
1.08	4.192344	9.615402	0.2378
1.09	4.167002	9.603334	0.244948
1.1	4.140898	9.590904	0.252311
1.11	4.114009	9.578099	0.259895
1.12	4.086312	9.56491	0.267707
1.1300000000000001	4.057782	9.551325	0.275754
1.1400000000000001	4.028395	9.537331	0.284042
1.1500000000000001	3.998125	9.522916	0.29258
1.16	3.966944	9.508069	0.301375
1.17	3.934827	9.492775	0.310434
1.18	3.901744	9.477021	0.319765
1.19	3.867666	9.460793	0.329376
1.2	3.832565	9.444078	0.339277
1.21	3.796408	9.426861	0.349475
1.22	3.759164	9.409126	0.359979
1.23	3.720801	9.390858	0.3708
1.24	3.681285	9.37204	0.381945
1.25	3.640581	9.352658	0.393426
1.26	3.598653	9.332692	0.405252
1.27	3.555466	9.312126	0.417433
1.28	3.51098	9.290943	0.42998
1.29	3.465157	9.269122	0.442905
1.3	3.417956	9.246646	0.456218
1.31	3.369337	9.223494	0.469931
1.32	3.319256	9.199646	0.484056
1.33	3.26767	9.175081	0.498606
1.34	3.214534	9.149778	0.513593
1.35	3.1598	9.123714	0.529031
1.36	3.103421	9.096867	0.544933
1.37	3.045347	9.069213	0.561312
1.3800000000000001	2.985528	9.040728	0.578184
1.3900000000000001	2.923911	9.011386	0.595564
1.4000000000000001	2.860442	8.981163	0.613465
1.41	2.795064	8.950031	0.631905
1.42	2.727722	8.917963	0.650899
1.43	2.658356	8.884931	0.670464
1.44	2.586904	8.850907	0.690617
1.45	2.513305	8.815859	0.711376
1.46	2.437493	8.779759	0.732758
1.47	2.359403	8.742573	0.754784
1.48	2.278966	8.704269	0.777471
1.49	2.19611	8.664814	0.800841
1.5	2.110765	8.624174	0.824913
1.51	2.022853	8.582311	0.849708
1.52	1.9323	8.53919	0.875249
1.53	1.839024	8.494773	0.901557
1.54	1.742945	8.449021	0.928657
1.55	1.643978	8.401894	0.95657
1.56	1.542036	8.35335	0.985323
1.57	1.43703	8.303348	1.01494
1.58	1.328867	8.251842	1.045448
1.59	1.217454	8.198787	1.076872
1.6	1.102691	8.144139	1.109241
1.61	0.984479	8.087847	1.142583
1.62	0.862714	8.029864	1.176927
1.6300000000000001	0.737288	7.970137	1.212303
1.6400000000000001	0.608093	7.908616	1.248743
1.6500000000000001	0.475014	7.845245	1.286278
1.6600000000000001	0.337935	7.779969	1.324941
1.67	0.196735	7.712731	1.364767
1.68	0.051292	7.643472	1.405789
1.69	0.0	7.572443	1.435497
1.7	0.0	7.572443	1.435497
1.71	0.0	7.572443	1.435497
1.72	0.0	7.572443	1.435497
1.73	0.0	7.572443	1.435497
1.74	0.0	7.572443	1.435497
1.75	0.0	7.572443	1.435497
1.76	0.0	7.572443	1.435497
1.77	0.0	7.572443	1.435497
1.78	0.0	7.572443	1.435497
1.79	0.0	7.572443	1.435497
1.8	0.0	7.572443	1.435497
1.81	0.0	7.572443	1.435497
1.82	0.0	7.572443	1.435497
1.83	0.0	7.572443	1.435497
1.84	0.0	7.572443	1.435497
1.85	0.0	7.572443	1.435497
1.86	0.0	7.572443	1.435497
1.87	0.0	7.572443	1.435497
1.8800000000000001	0.0	7.572443	1.435497
1.8900000000000001	0.0	7.572443	1.435497
1.9000000000000001	0.0	7.572443	1.435497
1.9100000000000001	0.0	7.572443	1.435497
1.92	0.0	7.572443	1.435497
1.93	0.0	7.572443	1.435497
1.94	0.0	7.572443	1.435497
1.95	0.0	7.572443	1.435497
1.96	0.0	7.572443	1.435497
1.97	0.0	7.572443	1.435497
1.98	0.0	7.572443	1.435497
1.99	0.0	7.572443	1.435497
2.0	0.0	7.572443	1.435497
2.0100000000000002	0.0	7.572443	1.435497
2.02	0.0	7.572443	1.435497
2.0300000000000002	0.0	7.572443	1.435497
2.04	0.0	7.572443	1.435497
2.05	0.0	7.572443	1.435497
2.06	0.0	7.572443	1.435497
2.07	0.0	7.572443	1.435497
2.08	0.0	7.572443	1.435497
2.09	0.0	7.572443	1.435497
2.1	0.0	7.572443	1.435497
2.11	0.0	7.572443	1.435497
2.12	0.0	7.572443	1.435497
2.13	0.0	7.572443	1.435497
2.14	0.0	7.572443	1.435497
2.15	0.0	7.572443	1.435497
2.16	0.0	7.572443	1.435497
2.17	0.0	7.572443	1.435497
2.18	0.0	7.572443	1.435497
2.19	0.0	7.572443	1.435497
2.2	0.0	7.572443	1.435497
2.21	0.0	7.572443	1.435497
2.22	0.0	7.572443	1.435497
2.23	0.0	7.572443	1.435497
2.24	0.0	7.572443	1.435497
2.25	0.0	7.572443	1.435497
2.2600000000000002	0.0	7.572443	1.435497
2.27	0.0	7.572443	1.435497
2.2800000000000002	0.0	7.572443	1.435497
2.29	0.0	7.572443	1.435497
2.3000000000000003	0.0	7.572443	1.435497
2.31	0.0	7.572443	1.435497
2.32	0.0	7.572443	1.435497
2.33	0.0	7.572443	1.435497
2.34	0.0	7.572443	1.435497
2.35	0.0	7.572443	1.435497
2.36	0.0	7.572443	1.435497
2.37	0.0	7.572443	1.435497
2.38	0.0	7.572443	1.435497
2.39	0.0	7.572443	1.435497
2.4	0.0	7.572443	1.435497
2.41	0.0	7.572443	1.435497
2.42	0.0	7.572443	1.435497
2.43	0.0	7.572443	1.435497
2.44	0.0	7.572443	1.435497
2.45	0.0	7.572443	1.435497
2.46	0.0	7.572443	1.435497
2.47	0.0	7.572443	1.435497
2.48	0.0	7.572443	1.435497
2.49	0.0	7.572443	1.435497
2.5	0.0	7.572443	1.435497
2.5100000000000002	0.0	7.572443	1.435497
2.52	0.0	7.572443	1.435497
2.5300000000000002	0.0	7.572443	1.435497
2.54	0.0	7.572443	1.435497
2.5500000000000003	0.0	7.572443	1.435497
2.56	0.0	7.572443	1.435497
2.57	0.0	7.572443	1.435497
2.58	0.0	7.572443	1.435497
2.59	0.0	7.572443	1.435497
2.6	0.0	7.572443	1.435497
2.61	0.0	7.572443	1.435497
2.62	0.0	7.572443	1.435497
2.63	0.0	7.572443	1.435497
2.64	0.0	7.572443	1.435497
2.65	0.0	7.572443	1.435497
2.66	0.0	7.572443	1.435497
2.67	0.0	7.572443	1.435497
2.68	0.0	7.572443	1.435497
2.69	0.0	7.572443	1.435497
2.7	0.0	7.572443	1.435497
2.71	0.0	7.572443	1.435497
2.72	0.0	7.572443	1.435497
2.73	0.0	7.572443	1.435497
2.74	0.0	7.572443	1.435497
2.75	0.0	7.572443	1.435497
2.7600000000000002	0.0	7.572443	1.435497
2.77	0.0	7.572443	1.435497
2.7800000000000002	0.0	7.572443	1.435497
2.79	0.0	7.572443	1.435497
2.8000000000000003	0.0	7.572443	1.435497
2.81	0.0	7.572443	1.435497
2.82	0.0	7.572443	1.435497
2.83	0.0	7.572443	1.435497
2.84	0.0	7.572443	1.435497
2.85	0.0	7.572443	1.435497
2.86	0.0	7.572443	1.435497
2.87	0.0	7.572443	1.435497
2.88	0.0	7.572443	1.435497
2.89	0.0	7.572443	1.435497
2.9	0.0	7.572443	1.435497
2.91	0.0	7.572443	1.435497
2.92	0.0	7.572443	1.435497
2.93	0.0	7.572443	1.435497
2.94	0.0	7.572443	1.435497
2.95	0.0	7.572443	1.435497
2.96	0.0	7.572443	1.435497
2.97	0.0	7.572443	1.435497
2.98	0.0	7.572443	1.435497
2.99	0.0	7.572443	1.435497
